883
389
218
362
610
151
191
624
439
149
990
96
954
648
948
767
430
844
455
849
965
431
704
666
286
645
718
442
497
235
221
883
273
198
302
952
816
543
224
812
880
205
940
187
877
623
14
465
481
253
511
285
79
737
695
330
649
360
680
754
893
839
966
79
730
739
731
488
920
873
879
396
670
175
788
70
389
597
463
581
841
356
123
982
879
561
831
48
850
949
688
252
200
708
457
15
50
616
598
310
328
922
665
133
546
157
115
3
260
711
700
534
209
668
606
678
336
592
716
905
852
41
568
115
693
431
161
911
764
601
867
198
963
150
664
602
155
460
973
664
127
536
952
273
886
611
285
347
526
44
912
160
980
712
732
75
8
788
514
178
612
578
734
324
437
647
467
945
179
696
886
672
955
708
880
865
467
739
348
992
997
65
865
162
941
230
586
736
117
133
249
5
87
287
562
309
74
468
643
172
